1734431126787 0.7410256862640381 0
1734431454774 0.7616841793060303 1
1734431777320 0.7662678360939026 2
1734432119702 0.770133912563324 3
1734432444761 0.7724955081939697 4
1734432778844 0.7748683094978333 5
1734433114651 0.7761305570602417 6
1734433456214 0.7772254347801208 7
1734433794762 0.7783649563789368 8
1734434130630 0.7792187333106995 9
1734434481861 0.7802143096923828 10
1734434817652 0.7803147435188293 11
1734435149133 0.7816317081451416 12
1734435491621 0.7873928546905518 13
1734435833611 0.7890658378601074 14
1734436551721 0.7417712211608887 0
1734437058168 0.7402466535568237 0
1734437383180 0.761229932308197 1
1734437711239 0.7664430737495422 2
1734438033852 0.7703471183776855 3
1734438361351 0.7723605036735535 4
1734438692666 0.7739977836608887 5
1734439034972 0.7757288217544556 6
1734439367858 0.7768459916114807 7
1734439693042 0.7778192162513733 8
1734440018243 0.7786127328872681 9
1734440354894 0.7792689800262451 10
1734440699491 0.7801718711853027 11
1734441044431 0.780637264251709 12
1734441377572 0.7866629362106323 13
1734441710751 0.7884107232093811 14
1734442042367 0.7897768020629883 15
1734442373736 0.7902310490608215 16
1734442702294 0.7913113832473755 17
1734443032500 0.7916439771652222 18
1734443369986 0.7926930785179138 19
