1734431126787 0.0010000000474974513 0
1734431454774 0.0010000000474974513 1
1734431777320 0.0010000000474974513 2
1734432119702 0.0010000000474974513 3
1734432444761 0.0010000000474974513 4
1734432778844 0.0010000000474974513 5
1734433114651 0.0010000000474974513 6
1734433456214 0.0010000000474974513 7
1734433794762 0.0010000000474974513 8
1734434130630 0.0010000000474974513 9
1734434481861 0.0010000000474974513 10
1734434817652 0.0010000000474974513 11
1734435149133 0.0010000000474974513 12
1734435491621 0.0002500000118743628 13
1734435833611 0.0002500000118743628 14
1734436551721 0.0010000000474974513 0
1734437058168 0.0010000000474974513 0
1734437383180 0.0010000000474974513 1
1734437711239 0.0010000000474974513 2
1734438033852 0.0010000000474974513 3
1734438361351 0.0010000000474974513 4
1734438692666 0.0010000000474974513 5
1734439034972 0.0010000000474974513 6
1734439367858 0.0010000000474974513 7
1734439693042 0.0010000000474974513 8
1734440018243 0.0010000000474974513 9
1734440354894 0.0010000000474974513 10
1734440699491 0.0010000000474974513 11
1734441044431 0.0010000000474974513 12
1734441377572 0.00020000000949949026 13
1734441710751 0.00020000000949949026 14
1734442042367 0.00020000000949949026 15
1734442373736 0.00020000000949949026 16
1734442702294 0.00020000000949949026 17
1734443032500 0.00020000000949949026 18
1734443369986 4.0000002627493814e-05 19
