1734431126787 0.5227575302124023 0
1734431454774 0.49634626507759094 1
1734431777320 0.4883478879928589 2
1734432119702 0.4835966229438782 3
1734432444761 0.4792773723602295 4
1734432778844 0.4766968786716461 5
1734433114651 0.4746585190296173 6
1734433456214 0.4727884829044342 7
1734433794762 0.4708116352558136 8
1734434130630 0.47034791111946106 9
1734434481861 0.46910375356674194 10
1734434817652 0.46889662742614746 11
1734435149133 0.4672279357910156 12
1734435491621 0.4545697569847107 13
1734435833611 0.45141568779945374 14
1734436551721 0.5211129784584045 0
1734437058168 0.523224413394928 0
1734437383180 0.49667322635650635 1
1734437711239 0.48828718066215515 2
1734438033852 0.48356544971466064 3
1734438361351 0.48039957880973816 4
1734438692666 0.4773015081882477 5
1734439034972 0.4752097427845001 6
1734439367858 0.47367945313453674 7
1734439693042 0.4717055559158325 8
1734440018243 0.4705987274646759 9
1734440354894 0.46913933753967285 10
1734440699491 0.46859678626060486 11
1734441044431 0.46746912598609924 12
1734441377572 0.45432281494140625 13
1734441710751 0.4518680274486542 14
1734442042367 0.4494973123073578 15
1734442373736 0.4488837420940399 16
1734442702294 0.4471319615840912 17
1734443032500 0.4466263949871063 18
1734443369986 0.44374459981918335 19
